50747
37855
13978
33940
59671
61734
28804
25517
15236
24987
53988
35893
12963
59845
9515
42334
47796
46307
5424
28344
57190
17568
10176
36396
8395
37449
48379
56312
59293
2973
39096
15566
44411
8798
57666
24993
45514
27924
51968
29767
1871
48579
40282
44523
35446
49289
34737
37611
55817
38018
62352
32051
50432
54633
61156
50377
9505
59434
44315
9242
49417
18510
27591
32110
21943
35929
42520
24132
10593
56231
3439
7952
46174
26026
17331
18415
49789
55514
39173
38791
33919
60207
51636
12000
2031
20254
54583
42440
28763
17154
58371
13679
43349
40378
57888
27810
33230
28280
65517
39094
45240
5982
60425
61959
62822
7954
44
51478
48483
46282
10930
11292
43635
14653
28165
27307
18319
48363
59913
18384
53274
48743
35079
49497
21128
304
19576
59088
46233
54289
32297
650
19475
52408
37439
11509
18755
57811
40543
33996
6470
60824
62579
38806
730
19589
41958
52191
31248
20327
36251
50018
15198
10496
62680
65005
65068
30390
23818
30615
8039
23841
22731
25842
48947
52551
11628
34762
32424
2574
50827
15762
62736
5894
2588
24463
35901
50912
50747
15079
17164
38947
64074
21943
47297
10034
25430
54523
19747
27867
60416
14065
21879
17719
53627
44545
48753
21443
5242
53762
40163
35675
46561
6277
27348
45990
36485
45547
4782
50580
32496
3855
40739
63042
43707
40103
59824
38616
21078
48139
1159
27017
14555
57173
17521
52076
57744
1775
46299
47387
3218
60166
45456
42241
58316
31196
16166
47660
9077
18299
15050
10694
2953
14664
25750
46085
7426
27524
47781
46062
3434
46436
18303
34774
10463
40151
61923
31568
46363
13142
40779
6793
10942
37774
852
38690
5178
19052
17783
11206
38536
16289
37294
496
36519
63464
6368
21858
29387
47364
47201
32330
59056
64010
50712
18136
638
5454
32182
55008
29425
47480
31875
28832
53913
38915
10652
55538
22249
9769
63851
15208
19231
29934
8688
37965
61078
37741
39759
38800
28299
9756
35368
57417
40089
52417
24870
10615
9664
10609
59822
57717
53685
21376
53830
38755
20984
54243
35153
20453
29615
62377
52535
34335
57669
51915
3484
35409
49362
42048
9377
41375
19873
40425
4344
5764
27826
62993
49942
42812
16814
61183
9693
3001
63971
10692
51058
51027
39314
36382
46740
2019
17349
25763
44282
56422
39321
62482
44334
48407
49816
24949
7066
58888
65413
36491
43972
55424
21360
26948
28111
60966
34490
25563
57893
149
13526
22023
21272
65411
37548
44669
15225
60538
30736
57207
14101
7286
63038
12985
45960
8916
24167
30861
16034
13629
14836
15115
8367
49760
63740
37484
48517
62844
22061
23089
42155
54054
59609
12218
155
57514
37313
19458
17344
785
19562
20906
10634
40341
6332
36972
55025
23882
48788
60986
41563
33085
59924
42555
43846
32666
51959
52579
24728
24987
61070
7576
42325
3503
25129
57663
51398
31028
26158
5195
44433
42520
42992
27499
33870
44144
23793
4148
32525
26937
60619
34849
1342
53797
33442
38556
44983
13988
49993
34255
50286
47311
38155
20789
60993
8586
59653
50733
32742
33363
34524
3056
65329
16697
10825
50197
57515
39011
45306
22808
63445
61137
32415
16280
63542
60356
42781
13115
37648
46506
23529
32799
63305
26909
48105
34520
16708
47131
42167
4749
22760
36375
56296
10220
49603
3727
42478
26543
32149
53715
10777
22975
43413
45861
20241
15725
23605
9257
46059
47510
14454
57408
12201
52115
32551
7965
42468
3878
16990
25790
52122
17185
64876
42614
42319
16377
49404
21714
34681
19825
33030
39293
22180
25873
54754
43676
50460
56997
46291
60219
41865
52347
41820
56849
51195
56634
42388
60869
1699
33460
26425
14274
41002
54947
47846
56679
65174
55797
45024
42636
43500
14147
61015
49350
52459
18393
22934
11363
10045
16960
53221
33604
53425
56304
16069
35476
6083
21495
47245
51007
8219
33836
11166
45647
47880
53255
17589
19951
32631
20034
45691
41549
6139
31297
53660
64273
30500
55144
62412
50910
31742
57337
16922
27274
5509
9742
18807
42428
8984
58753
49235
50874
56575
15214
2805
39779
8715
33216
35644
3639
31111
50473
19612
46041
14935
12348
8188
16398
7254
31032
37333
13598
30593
43017
14479
62938
51130
53479
59191
17834
21526
62563
10824
52028
26660
2485
48826
13756
44097
8702
10238
37528
21221
36159
13709
22108
62198
21054
52490
48910
42561
9099
8247
62798
62984
11240
8050
39967
4545
40295
22275
2402
64675
20227
59593
58229
49389
63157
16889
22224
13057
42995
57013
434
32222
19137
37073
22428
9568
15369
38179
58195
42055
22287
24739
41
33664
20499
40341
29428
10480
45880
52815
35961
34106
38817
34824
2702
52409
22206
6601
57018
4082
29203
45936
63869
36252
32763
3032
39978
11255
6297
64709
59747
35674
37249
17651
8553
28682
1734
25864
23602
57519
1439
31033
39881
51381
54617
47076
46591
25926
10720
25282
4401
26645
13656
5548
17755
59344
61094
24766
58517
47681
47019
1255
34138
13028
47435
20255
28986
61833
37832
22713
25734
6816
53604
8137
43812
7450
44581
51911
46173
58402
46091
9086
20339
50125
46466
41067
1320
37718
21071
48644
5022
44083
19512
5208
6718
3757
555
30268
28334
53798
55587
34566
54018
37831
45999
61478
3074
35168
51680
43386
56624
43792
52786
25611
45888
29676
50778
61264
50510
41958
62388
37704
30053
17019
37884
38424
588
42446
51921
4211
15147
11231
11504
31071
27053
36536
55789
60884
25913
43068
56903
48135
4547
10611
28780
35435
2756
17341
5621
2236
2007
49851
38185
17153
34718
19400
59382
52397
26703
50834
62341
16893
30434
45324
14352
22745
22295
56001
51890
34284
60331
47084
58363
18314
3827
57018
62742
31754
46478
63500
16371
56545
48767
21565
14328
14649
49860
47894
46571
23172
12784
63332
11716
28954
15931
495
24051
26574
22763
47117
18328
51286
56310
22268
62598
49428
36872
55753
38137
1085
57982
6962
43460
23011
13763
47787
15047
59204
58442
11000
58086
65348
31494
42170
50405
16141
51277
36666
11610
20592
36737
6361
51237
50691
46380
28184
20822
38269
17025
13665
40036
65462
44733
38427
42985
38126
61689
13765
20724
9344
14795
52706
38590
2607
8684
35837
24509
34329
9804
35225
23061
51307
33390
49045
3500
37928
46208
50893
5062
58948
2791
4493
55638
52481
42407
38487
27702
34897
63324
57206
54012
